"LT0089","changeit"